 
Three features together without KPCA:

ROUGE-1
[0.64314425306679157, 0.65996073142250156, 0.67525431794442825, 0.70252871611897982, 0.69517578076882158, 0.71956692920181764, 0.71761021545504267, 0.71748238989618307, 0.71022748005506642, 0.69578087940156952, 0.67940613026819863]
ROUGE-L
[0.63163149092934212, 0.65996073142250156, 0.67775306856911577, 0.70274872749517814, 0.69215097738104181, 0.71708241049011912, 0.71856806986117316, 0.7139456967043174, 0.7080331226882951, 0.69306695858420053, 0.67420634920634881]
BLEU
[0.6322132106514915, 0.66219227684823923, 0.67806870022697108, 0.69300490659517078, 0.68543868165412025, 0.71020228738281466, 0.70988140212278183, 0.71084171256585049, 0.70047519530278146, 0.68243477467615454, 0.66462780514504616]
combined
[0.63872053899790027, 0.65921681311052494, 0.67940654804947154, 0.69996853495839328, 0.69392829649582222, 0.71532983206411205, 0.71684761598554714, 0.71676299434920154, 0.70503640676054513, 0.68846925743477516, 0.67420634920634881]
